180922
46 2 7610
15 3 591
42 4 3253
21 5 2308
43 6 4183
25 7 3246
47 8 12063
32 9 1893
41 10 1494
31 11 5110
3 12 2361
39 13 1313
27 14 98
18 15 2731
19 16 3118
25 17 4059
5 18 2737
13 19 2414
10 20 1106
49 21 201
38 22 2216
34 23 2070
35 24 208
36 25 1688
36 26 2454
11 27 4324
8 28 13202
11 29 2905
49 30 3915
28 31 14485
20 32 2526
37 33 1339
2 34 4943
40 35 1632
29 36 1889
16 37 1651
26 38 1278
45 39 2170
9 40 1734
50 41 1043
24 42 10253
44 43 2355
1 44 3778
6 45 1474
4 46 14126
48 47 1044
12 48 6083
2 49 6563
33 50 5685
